tree
version=v3
num_class=1
num_tree_per_iteration=1
label_index=0
max_feature_idx=5
objective=binary sigmoid:1
feature_names=pclass sex age sibsp parch fare
feature_infos=[1:3] [0:1] [1:5] [0:8] [0:6] [1:5]
tree_sizes=2090 2193 2088 2093 2109 2311 2210 2113 2014 1991 2019 2005 2012 2124 1996 1905 2004 2008 2118 2113 2116 2012 2017 2138 2114 2224 2333 2329 1794 1801

Tree=0
num_leaves=19
num_cat=0
split_feature=1 0 0 4 2 4 2 2 2 5 5 2 0 5 2 5 4 2
split_gain=196.424 54.9979 18.3118 8.26978 12.7228 7.33634 5.71851 3.21862 3.90984 1.86939 0.655483 0.411685 1.27744 1.02981 0.564197 0.181362 0.0951087 9.30905e-05
threshold=1.0000000180025095e-35 2.5000000000000004 1.5000000000000002 1.0000000180025095e-35 1.5000000000000002 1.5000000000000002 1.5000000000000002 2.5000000000000004 3.5000000000000004 4.5000000000000009 3.5000000000000004 2.5000000000000004 2.5000000000000004 1.5000000000000002 3.5000000000000004 1.5000000000000002 1.0000000180025095e-35 3.5000000000000004
decision_type=2 2 2 2 2 2 2 2 2 2 2 2 2 2 2 2 2 2
left_child=1 10 7 11 -5 6 15 -2 -9 -10 -1 13 17 -4 -14 -3 -12 -13
right_child=2 5 3 4 -6 -7 -8 8 9 -11 16 12 14 -15 -16 -17 -18 -19
leaf_value=-0.31793375788683015 -0.5861509499116766 -0.39456724132250065 -0.65390373018878623 -0.47718771565158269 -0.65454633387801242 -0.5735782690355119 -0.50233307740391209 -0.44505753119027297 -0.5735782690355119 -0.49646582632836855 -0.28440660888372438 -0.65019640121248123 -0.61121648511876048 -0.61065155879856159 -0.64140865845383244 -0.41935338362122521 -0.29817668793857133 -0.65069071174265525
leaf_weight=10.737566739320757 5.3687833696603802 4.9019326418638283 16.806626200675968 7.4696116447448713 5.8356340974569321 5.6022087335586539 10.737566739320753 5.6022087335586539 5.602208733558653 4.6685072779655457 10.737566739320757 9.1035891920328122 24.509663209319118 6.0690594613552085 6.3024848252534857 4.6685072779655457 6.535910189151763 4.6685072779655448
leaf_count=46 23 21 72 32 25 24 46 24 24 20 46 39 105 26 27 20 28 20
internal_value=-0.526826 -0.387891 -0.600268 -0.619823 -0.554977 -0.482398 -0.457245 -0.525913 -0.505538 -0.538527 -0.300472 -0.632613 -0.627577 -0.642429 -0.617392 -0.406658 -0.289617 -0.650364
internal_weight=0 53.9213 102.007 80.7652 13.3052 25.9102 20.308 21.2417 15.8729 10.2707 28.011 67.4599 44.5842 22.8757 30.8121 9.57044 17.2735 13.7721
internal_count=668 231 437 346 57 111 87 91 68 44 120 289 191 98 132 41 74 59
is_linear=0
shrinkage=1


Tree=1
num_leaves=20
num_cat=0
split_feature=1 0 0 4 2 4 2 2 2 5 5 2 0 5 2 5 4 2 3
split_gain=160.517 41.6918 15.9205 7.29716 10.8904 5.97561 4.49474 2.6935 3.16377 1.56074 0.479645 0.377254 1.16734 0.944534 0.511253 0.138392 0.0693802 8.67659e-05 7.10543e-15
threshold=1.0000000180025095e-35 2.5000000000000004 1.5000000000000002 1.0000000180025095e-35 1.5000000000000002 1.5000000000000002 1.5000000000000002 2.5000000000000004 3.5000000000000004 4.5000000000000009 3.5000000000000004 2.5000000000000004 2.5000000000000004 1.5000000000000002 3.5000000000000004 1.5000000000000002 1.0000000180025095e-35 3.5000000000000004 1.0000000180025095e-35
decision_type=2 2 2 2 2 2 2 2 2 2 2 2 2 2 2 2 2 2 2
left_child=1 10 7 11 -5 6 15 -2 -9 -10 -1 13 17 -4 -14 -3 18 -13 -12
right_child=2 5 3 4 -6 -7 -8 8 9 -11 16 12 14 -15 -16 -17 -18 -19 -20
leaf_value=0.18158354713973784 -0.054904227806225767 0.11662414499113014 -0.12013965340880874 0.04459544057134749 -0.12077279121954938 -0.043107988090710016 0.022144695270447556 0.072900914794190544 -0.043107988090710023 0.027408073316239283 0.20960759369956078 -0.11649246242259974 -0.078700019618098208 -0.078159495651159913 -0.10788481885575016 0.09526684039913802 0.19812093882804238 -0.11697820351507862 0.20960759369956086
leaf_weight=11.21421664953232 5.2830773591995266 5.0508530437946373 16.205102205276493 7.5613260269165021 5.6256294250488281 5.5323615074157706 10.80398169159889 5.7124260663986197 5.5323615074157697 4.7041305899620056 5.1452507525682467 8.788018584251402 23.943291977047924 5.9298077523708335 6.1007236987352362 4.7864642739295959 6.8466854095458975 4.505976438522338 6.1252985149621964
leaf_count=46 23 21 72 32 25 24 46 24 24 20 21 39 105 26 27 20 28 20 25
internal_value=0 0.122529 -0.0683649 -0.0870319 -0.0259516 0.0399564 0.0622196 0.0007922 0.0192416 -0.0107027 0.196212 -0.0993342 -0.0944518 -0.108893 -0.0846263 0.106232 0.205267 -0.116657 0.209608
internal_weight=0 55.5051 99.8919 78.6599 13.187 26.1737 20.6413 21.232 15.9489 10.2365 29.3315 65.4729 43.338 22.1349 30.044 9.83732 18.1172 13.294 11.2705
internal_count=668 231 437 346 57 111 87 91 68 44 120 289 191 98 132 41 74 59 46
is_linear=0
shrinkage=0.09


Tree=2
num_leaves=19
num_cat=0
split_feature=1 0 0 4 2 4 2 2 2 5 5 2 0 5 2 5 4 2
split_gain=132.901 33.3193 13.902 6.4591 9.37197 4.89285 3.59736 2.25632 2.57464 1.30349 0.397922 0.352078 1.08506 0.882208 0.469945 0.110034 0.058078 8.29063e-05
threshold=1.0000000180025095e-35 2.5000000000000004 1.5000000000000002 1.0000000180025095e-35 1.5000000000000002 1.5000000000000002 1.5000000000000002 2.5000000000000004 3.5000000000000004 4.5000000000000009 3.5000000000000004 2.5000000000000004 2.5000000000000004 1.5000000000000002 3.5000000000000004 1.5000000000000002 1.0000000180025095e-35 3.5000000000000004
decision_type=2 2 2 2 2 2 2 2 2 2 2 2 2 2 2 2 2 2
left_child=1 10 7 11 -5 6 15 -2 -9 -10 -1 13 17 -4 -14 -3 -12 -13
right_child=2 5 3 4 -6 -7 -8 8 9 -11 16 12 14 -15 -16 -17 -18 -19
leaf_value=0.16169742030769987 -0.050825889830478192 0.10398053368530388 -0.11414180001055503 0.040159024405228769 -0.11477548471238611 -0.039744267061167841 0.020039168435682098 0.065323419283585982 -0.039744267061167848 0.024771954865102565 0.18699008838069942 -0.11049934251912234 -0.073497607364631359 -0.07297758409122504 -0.10195500091717798 0.085111450441555131 0.17658157128331811 -0.11098368742448073
leaf_weight=11.4467149078846 5.1974823921918896 5.1498976796865517 15.551893115043642 7.6370992660522443 5.39742112159729 5.4638485908508292 10.86174827814102 5.7969524860382071 5.4638485908508283 4.7347602248191833 11.483929544687273 8.4467224180698377 23.358420655131344 5.7861106693744651 5.8846540600061408 4.8709744215011597 6.9825096130371085 4.3300998210906974
leaf_count=46 23 21 72 32 25 24 46 24 24 20 46 39 105 26 27 20 28 20
internal_value=0 0.109881 -0.0638027 -0.0816947 -0.0239973 0.0360795 0.0559185 0.00069092 0.0174304 -0.00979226 0.174882 -0.0935647 -0.0887838 -0.10298 -0.0792242 0.0948086 0.183054 -0.110663
internal_weight=0 56.2596 97.5855 76.3924 13.0345 26.3465 20.8826 21.193 15.9956 10.1986 29.9132 63.3579 42.0199 21.338 29.2431 10.0209 18.4664 12.7768
internal_count=668 231 437 346 57 111 87 91 68 44 120 289 191 98 132 41 74 59
is_linear=0
shrinkage=0.09


Tree=3
num_leaves=19
num_cat=0
split_feature=1 0 0 4 2 4 2 2 2 5 5 2 0 5 2 5 4 2
split_gain=111.04 27.6305 12.1778 5.73029 8.10077 4.02205 2.91835 1.89128 2.10443 1.08882 0.358276 0.332975 1.02114 0.835104 0.436387 0.0901195 0.053126 8.0697e-05
threshold=1.0000000180025095e-35 2.5000000000000004 1.5000000000000002 1.0000000180025095e-35 1.5000000000000002 1.5000000000000002 1.5000000000000002 2.5000000000000004 3.5000000000000004 4.5000000000000009 3.5000000000000004 2.5000000000000004 2.5000000000000004 1.5000000000000002 3.5000000000000004 1.5000000000000002 1.0000000180025095e-35 3.5000000000000004
decision_type=2 2 2 2 2 2 2 2 2 2 2 2 2 2 2 2 2 2
left_child=1 10 7 11 -5 6 15 -2 -9 -10 -1 13 17 -4 -14 -3 -12 -13
right_child=2 5 3 4 -6 -7 -8 8 9 -11 16 12 14 -15 -16 -17 -18 -19
leaf_value=0.14643804424248916 -0.047050647516370232 0.093463691802479071 -0.10886821717060351 0.036232543584760045 -0.10951000931084574 -0.03663449592643396 0.018147287325311907 0.058761997701918221 -0.036634495926433974 0.022411264427058 0.1704486056233315 -0.10518903760570449 -0.068700878645478802 -0.068198736069711996 -0.096623006011439153 0.07648770440288645 0.16049363675685127 -0.10567731183763987
leaf_weight=11.498153388500215 5.113266900181773 5.2104792147874885 14.869531631469728 7.6997289657592756 5.1589183509349823 5.3973848819732657 10.912110596895216 5.8609668016433742 5.3973848819732648 4.7611585259437561 11.463888943195345 8.0911504179239255 22.768367305397991 5.6412164270877829 5.6610286384820929 4.9292877316474915 6.9897615313529959 4.1468003392219535
leaf_count=46 23 21 72 32 25 24 46 24 24 20 46 39 105 26 27 20 28 20
internal_value=0 0.0997126 -0.059654 -0.0768542 -0.0222397 0.0326782 0.050449 0.000605349 0.0158167 -0.00896062 0.158908 -0.0883332 -0.0836178 -0.0976826 -0.0742609 0.0852111 0.166678 -0.105354
internal_weight=0 56.4011 95.1695 74.0367 12.8586 26.4493 21.0519 21.1328 16.0195 10.1585 29.9518 61.1781 40.6673 20.5107 28.4294 10.1398 18.4537 12.238
internal_count=668 231 437 346 57 111 87 91 68 44 120 289 191 98 132 41 74 59
is_linear=0
shrinkage=0.09


Tree=4
num_leaves=19
num_cat=0
split_feature=1 0 0 4 3 3 2 2 2 5 4 5 2 0 5 2 4 2
split_gain=93.3785 23.535 10.6909 5.09157 8.16216 3.66952 1.58583 1.72596 1.33946 0.909521 0.498122 0.340525 0.317847 0.969355 0.798125 0.408013 0.0515097 7.96039e-05
threshold=1.0000000180025095e-35 2.5000000000000004 1.5000000000000002 1.0000000180025095e-35 1.5000000000000002 1.0000000180025095e-35 2.5000000000000004 3.5000000000000004 1.5000000000000002 4.5000000000000009 1.0000000180025095e-35 3.5000000000000004 2.5000000000000004 2.5000000000000004 1.5000000000000002 3.5000000000000004 1.0000000180025095e-35 3.5000000000000004
decision_type=2 2 2 2 2 2 2 2 2 2 2 2 2 2 2 2 2 2
left_child=1 11 6 12 -5 8 -2 -8 -3 -9 -7 -1 14 17 -4 -15 -13 -14
right_child=2 5 3 4 -6 10 7 9 -10 -11 -12 16 13 15 -16 -17 -18 -19
leaf_value=0.13425852950481518 -0.043547252080874489 0.087204216151285902 -0.10415966470032603 0.036778522441046964 -0.11153295777593666 0.012980212514276484 0.053020027084337285 -0.033756470065455513 0.033522556745422476 0.020292190305961393 -0.02510871280724385 0.15784122324881958 -0.10041217830936569 -0.064247657758103136 -0.063761693966110672 -0.091762347280159612 0.14796927561847342 -0.10090837759270312
leaf_weight=11.415574073791506 5.0313678979873684 7.097716927528384 14.175324440002443 7.7631268501281721 4.9045829474925995 4.8347941488027555 5.9086296558380154 5.3334792852401716 8.0182598680257779 4.7839638590812683 6.5474732518196106 11.273353457450868 7.7300924062728864 22.183244079351429 5.4975906312465659 5.4350266456603995 6.9026012420654288 3.9606252312660217
leaf_count=46 23 29 72 36 21 20 24 24 34 20 28 46 39 105 26 27 28 20
internal_value=0 0.0912735 -0.055844 -0.0724128 -0.0206435 0.0296662 0.000532407 0.0143712 0.0587288 -0.00819993 -0.00892985 0.146441 -0.0835314 -0.0788575 -0.0928705 -0.0696623 0.154092 -0.10058
internal_weight=0 56.0898 92.7071 71.6496 12.6677 26.4982 21.0574 16.0261 15.116 10.1174 11.3823 29.5915 58.9819 39.309 19.6729 27.6183 18.176 11.6907
internal_count=668 231 437 346 57 111 91 68 63 44 48 120 289 191 98 132 74 59
is_linear=0
shrinkage=0.09


Tree=5
num_leaves=21
num_cat=0
split_feature=1 0 5 3 4 2 2 0 0 2 3 5 5 2 0 0 4 5 2 3
split_gain=78.775 20.5034 9.36502 6.75641 3.13111 2.22645 1.57898 6.12476 1.18041 0.965269 0.783093 0.479862 0.335491 0.234875 0.44458 0.220162 0.0519038 0.0199576 0.0117487 3.55271e-15
threshold=1.0000000180025095e-35 2.5000000000000004 2.5000000000000004 2.5000000000000004 1.5000000000000002 1.5000000000000002 1.5000000000000002 1.5000000000000002 2.5000000000000004 3.5000000000000004 1.0000000180025095e-35 4.5000000000000009 3.5000000000000004 1.5000000000000002 2.5000000000000004 2.5000000000000004 1.0000000180025095e-35 1.5000000000000002 3.5000000000000004 1.0000000180025095e-35
decision_type=2 2 2 2 2 2 2 2 2 2 2 2 2 2 2 2 2 2 2 2
left_child=1 12 10 6 5 17 15 9 -9 -8 13 -11 -1 -2 -15 -4 19 -3 -16 -14
right_child=2 4 3 -5 -6 -7 7 8 -10 11 -12 -13 16 14 18 -17 -18 -19 -20 -21
leaf_value=0.12422879264765756 -0.07055893853702444 0.076540243819292628 0.035334011986768367 -0.12265986918467311 -0.034625789824408469 0.014332941133725328 0.043931664240860382 -0.10443622190378853 -0.040456920708523823 -0.021780489270198738 -0.040176027961152307 0.018386194851767654 0.14793541172877675 -0.1024491060468901 -0.078116775371464539 0.0084966833783630125 0.13790178310814383 0.068581852951748762 -0.083127333118246646 0.14793541172877681
leaf_weight=11.234867990016939 12.219332337379454 5.2499408572912269 5.7526629865169507 4.5632580518722525 5.3501425236463538 11.008088693022726 6.1263037919998196 5.1950443536043149 4.2440242767333984 4.8331054747104627 4.086459055542945 4.803711473941803 5.0033583194017428 8.8611477464437467 20.733561709523205 4.3469583690166473 6.7468967437744132 4.9673285782337189 4.6386055946350089 5.9563789516687393
leaf_count=46 64 21 26 20 24 46 25 27 21 22 20 20 21 46 102 20 28 20 24 25
internal_value=0 0.0839826 -0.052221 -0.0196058 0.0269054 0.0424152 -0.00628461 -0.018334 -0.0756696 0.0159989 -0.0779478 -0.0017584 0.136394 -0.0812706 -0.085094 0.023783 0.144112 0.0726711 -0.0790328 0.147935
internal_weight=0 55.517 90.4042 39.8651 26.5755 21.2254 35.3018 25.2022 9.43907 15.7631 50.5391 9.63682 28.9415 46.4526 34.2333 10.0996 17.7066 10.2173 25.3722 10.9597
internal_count=668 231 437 181 111 87 161 115 48 67 256 42 120 236 172 46 74 41 126 46
is_linear=0
shrinkage=0.09


Tree=6
num_leaves=20
num_cat=0
split_feature=1 0 5 3 3 2 0 0 2 2 3 5 2 5 2 0 0 4 2
split_gain=66.7153 18.0831 8.32475 5.85672 2.924 1.31698 5.2838 1.10153 0.916805 0.793801 0.720239 0.398686 0.386881 0.338468 0.21435 0.430369 0.178246 0.0536541 0.0122918
threshold=1.0000000180025095e-35 2.5000000000000004 2.5000000000000004 2.5000000000000004 1.0000000180025095e-35 1.5000000000000002 1.5000000000000002 2.5000000000000004 1.5000000000000002 3.5000000000000004 1.0000000180025095e-35 4.5000000000000009 1.5000000000000002 3.5000000000000004 1.5000000000000002 2.5000000000000004 2.5000000000000004 1.0000000180025095e-35 3.5000000000000004
decision_type=2 2 2 2 2 2 2 2 2 2 2 2 2 2 2 2 2 2 2
left_child=1 13 10 5 8 16 9 -8 -3 -7 14 -11 -6 -1 -2 -16 -4 -15 -17
right_child=2 4 3 -5 12 6 7 -9 -10 11 -12 -13 -14 17 15 18 -18 -19 -20
leaf_value=0.11575414198823006 -0.066585393556776951 0.073842229885591346 0.031780158262801103 -0.11596845851490367 0.0056746969892663424 0.039782821463792833 -0.1003653040626963 -0.037517750626392586 0.029556699345820781 -0.019980744307976691 -0.037211530390449721 0.01666899745198052 -0.027605168924038772 0.13996852554587588 -0.098264515523964938 -0.073732070562756269 0.0077092786795097557 0.12959622922947348 -0.078960137675357714
leaf_weight=10.98374116420746 11.802957311272619 7.1209933310747173 5.8170821368694288 4.3997608423233023 5.9797151386737806 6.1548660099506405 4.9315270781517011 4.1682827472686768 8.0862915962934476 4.7960900366306287 4.0182333141565314 4.8208513855934143 5.3706926554441452 10.559323489665987 8.4272956848144513 20.023223385214809 4.3591543734073639 6.5425128936767569 4.4526794403791419
leaf_count=46 64 29 26 20 25 25 27 21 34 22 20 20 23 46 46 102 20 28 24
internal_value=0 0.0777366 -0.0488271 -0.0180926 0.0244942 -0.00580571 -0.0169652 -0.0715772 0.0502939 0.0145441 -0.0737099 -0.00160869 -0.0100724 0.128083 -0.0769904 -0.0807229 0.021469 0.136 -0.0746832
internal_weight=0 54.6433 88.172 39.4476 26.5577 35.0479 24.8716 9.09981 15.2073 15.7718 48.7244 9.61694 11.3504 28.0856 44.7062 32.9032 10.1762 17.1018 24.4759
internal_count=668 231 437 181 111 161 115 48 63 67 256 42 48 120 236 172 46 74 126
is_linear=0
shrinkage=0.09


Tree=7
num_leaves=19
num_cat=0
split_feature=1 0 5 3 4 2 2 4 2 5 3 5 2 0 4 2 5 3
split_gain=56.6052 16.1613 7.39273 5.1029 2.53129 1.62985 1.10771 4.73403 3.80162 1.75216 0.663265 0.346787 0.197116 0.418311 0.0564084 0.0126742 0.00234319 3.55271e-15
threshold=1.0000000180025095e-35 2.5000000000000004 2.5000000000000004 2.5000000000000004 1.5000000000000002 1.5000000000000002 3.5000000000000004 1.0000000180025095e-35 2.5000000000000004 4.5000000000000009 1.0000000180025095e-35 3.5000000000000004 1.5000000000000002 2.5000000000000004 1.0000000180025095e-35 3.5000000000000004 1.5000000000000002 1.0000000180025095e-35
decision_type=2 2 2 2 2 2 2 2 2 2 2 2 2 2 2 2 2 2
left_child=1 11 10 6 5 16 7 8 -4 -8 12 -1 -2 -14 17 -15 -3 -13
right_child=2 4 3 -5 -6 -7 9 -9 -10 -11 -12 14 13 15 -16 -17 -18 -19
leaf_value=0.1084359951605378 -0.062817149632640859 0.063423618197874232 -0.062714133661922744 -0.1101084279742451 -0.033288137420679022 0.012213478101651737 -0.054426280912804256 0.078280537731586983 0.022840689245553533 0.015119688280473616 -0.034441461836145479 0.13344192232747198 -0.094402441377581747 -0.069611281758511889 0.12259259584366627 -0.075027623663350057 0.060695591160122034 0.13344192232747204
leaf_weight=10.683694213628771 11.403990507125853 5.2177446931600624 7.9161477386951491 4.2250082045793524 5.3142192512750617 11.054865226149557 7.4629336148500425 5.5931355804204932 8.9783187508583069 4.835762083530426 3.9538088440895072 4.6109057664871234 8.0024303942918795 19.332558512687687 6.3048017621040335 4.2728160172700873 4.988668829202652 5.4891735315322876
leaf_count=46 64 21 37 20 24 46 37 25 42 20 20 21 46 102 28 24 20 25
internal_value=0 0.0721345 -0.0456652 -0.0167086 0.02227 0.0361567 -0.00536459 0.00651249 -0.0172473 -0.0270813 -0.0697177 0.121054 -0.0729604 -0.0766201 0.129272 -0.0705917 0.0620902 0.133442
internal_weight=0 53.6641 85.9769 39.0113 26.5755 21.2613 34.7863 22.4876 16.8945 12.2987 46.9656 27.0886 43.0118 31.6078 16.4049 23.6054 10.2064 10.1001
internal_count=668 231 437 181 111 87 161 104 79 57 256 120 236 172 74 126 41 46
is_linear=0
shrinkage=0.09


Tree=8
num_leaves=18
num_cat=0
split_feature=1 0 5 3 3 2 4 2 5 2 3 5 4 2 0 4 2
split_gain=48.1299 14.5311 6.5689 2.36121 2.20758 1.2866 2.88896 4.57661 1.00658 0.644759 0.610821 0.358791 0.352225 0.182228 0.407426 0.0599631 0.0129013
threshold=1.0000000180025095e-35 2.5000000000000004 2.5000000000000004 1.0000000180025095e-35 1.5000000000000002 3.5000000000000004 1.0000000180025095e-35 2.5000000000000004 4.5000000000000009 1.5000000000000002 1.0000000180025095e-35 3.5000000000000004 1.0000000180025095e-35 1.5000000000000002 2.5000000000000004 1.0000000180025095e-35 3.5000000000000004
decision_type=2 2 2 2 2 2 2 2 2 2 2 2 2 2 2 2 2
left_child=1 11 10 9 5 6 7 -4 -7 -3 13 -1 -5 -2 -15 -13 -16
right_child=2 3 4 12 -6 8 -8 -9 -10 -11 -12 15 -14 14 16 -17 -18
leaf_value=0.10199711081829026 -0.059230669716424843 0.063319610427474249 -0.06567980597241059 0.0074548947288343237 -0.066373746235520142 -0.050772414004519525 0.063448286962098241 0.032601132259154786 0.0029740892292289133 0.026176908702737579 -0.031853447399177455 0.12801507403905821 -0.024644151469073495 -0.090797577560296397 -0.065716122066208776 0.11657330865271683 -0.071291493727074773
leaf_weight=10.351431638002396 11.024117991328238 7.0775807201862362 7.1278431713581094 4.854134336113928 5.8438187986612311 7.2883902192115766 5.4512460827827445 8.3149031102657318 4.6063248962163925 8.1388673931360227 3.8932320773601523 9.6035985350608808 6.4460800886154175 7.5905876308679607 18.667024999856952 6.0456469655036935 4.1001985073089591
leaf_count=46 64 29 34 20 29 37 24 38 19 34 20 46 28 46 102 28 24
internal_value=0 0.0671876 -0.0426737 0.0203091 -0.0154128 -0.00633015 0.00712129 -0.012762 -0.0299586 0.043453 -0.065935 0.114996 -0.0108556 -0.0691415 -0.0727404 0.123595 -0.0667202
internal_weight=0 52.5173 83.9077 26.5167 38.6325 32.7887 20.894 15.4427 11.8947 15.2164 45.2752 26.0007 11.3002 41.3819 30.3578 15.6492 22.7672
internal_count=668 231 437 111 181 152 96 72 56 63 256 120 48 236 172 74 126
is_linear=0
shrinkage=0.09


Tree=9
num_leaves=18
num_cat=0
split_feature=1 0 5 0 5 2 4 3 2 0 2 2 5 5 2 4 5
split_gain=40.9408 13.1701 5.82847 2.14838 2.92335 2.64134 1.99337 1.71405 1.29281 0.813122 0.591129 1.0703 0.690757 0.373362 0.210592 0.0641942 0.0018406
threshold=1.0000000180025095e-35 2.5000000000000004 2.5000000000000004 1.5000000000000002 3.5000000000000004 1.5000000000000002 1.5000000000000002 1.0000000180025095e-35 1.5000000000000002 2.5000000000000004 1.5000000000000002 2.5000000000000004 1.5000000000000002 3.5000000000000004 3.5000000000000004 1.0000000180025095e-35 1.5000000000000002
decision_type=2 2 2 2 2 2 2 2 2 2 2 2 2 2 2 2 2
left_child=1 13 10 4 -4 -5 8 -6 16 -7 -2 -12 14 -1 -13 -15 -3
right_child=2 6 3 5 7 9 -8 -9 -10 -11 11 12 -14 15 -16 -17 -18
leaf_value=0.096238893691778377 -0.044625417499576173 0.052817811161154686 0.063890799158004316 -0.002262269300245495 -0.038513020701745122 -0.09677309197755142 -0.031137662766092596 0.025260870882041212 0.0095636983202329745 -0.043340137323147288 -0.11434970744859213 -0.050149842784785105 -0.086855511583987383 0.12344718682206343 -0.072384917631850579 0.11131148337934066 0.055243804360660731
leaf_weight=9.9999030232429504 11.312054008245466 5.1456685066223198 5.2587708234786996 9.2344683706760424 9.0374459922313672 4.663975387811659 5.2556097209453574 5.4857936501503 11.111258581280707 4.5645642280578613 3.6615346223115912 17.194152623415 7.1773230582475653 9.0865198969840986 4.3163873702287665 5.7742255330085763 4.9894383698701859
leaf_count=46 67 21 24 43 40 27 24 23 46 24 22 95 46 46 26 28 20
internal_value=0 0.0626303 -0.0398647 -0.0142127 0.00639488 -0.0362924 0.0184905 -0.014424 0.0307668 -0.0703444 -0.0623345 -0.0685271 -0.0626786 0.109684 -0.0546116 0.118732 0.0540121
internal_weight=0 51.3626 81.9065 38.245 19.782 18.463 26.502 14.5232 21.2464 9.22854 43.6615 32.3494 28.6879 24.8606 21.5105 14.8607 10.1351
internal_count=668 231 437 181 87 94 111 63 87 51 256 189 167 120 121 74 41
is_linear=0
shrinkage=0.09


Tree=10
num_leaves=18
num_cat=0
split_feature=1 0 5 3 3 2 4 2 5 3 2 5 4 2 0 4 2
split_gain=34.8669 11.9638 5.17228 1.93042 1.91199 1.12976 2.50286 4.08523 0.793865 0.611435 0.459341 0.389681 0.264706 0.144789 0.384001 0.0690207 0.0107747
threshold=1.0000000180025095e-35 2.5000000000000004 2.5000000000000004 1.0000000180025095e-35 1.5000000000000002 3.5000000000000004 1.0000000180025095e-35 2.5000000000000004 4.5000000000000009 1.0000000180025095e-35 1.5000000000000002 3.5000000000000004 1.0000000180025095e-35 1.5000000000000002 2.5000000000000004 1.0000000180025095e-35 3.5000000000000004
decision_type=2 2 2 2 2 2 2 2 2 2 2 2 2 2 2 2 2
left_child=1 11 9 10 5 6 7 -4 -7 13 -3 -1 -5 -2 -15 -13 -16
right_child=2 3 4 12 -6 8 -8 -9 -10 -11 -12 15 -14 14 16 -17 -18
leaf_value=0.091015764191452631 -0.053196226512530594 0.054747733191773916 -0.061695850429507725 0.0044304033507662792 -0.061476580984794506 -0.046114599870814815 0.060227535336441929 0.032004488309929649 0.0019327641356539952 -0.023976283738672194 0.023336688128325123 0.1195629078279182 -0.023442153907172865 -0.084217324890028075 -0.058720441042575351 0.10664033991064487 -0.06402771897214507
leaf_weight=9.639094740152359 10.393054828047751 6.9971899390220669 6.9389397352933893 4.8642063438892347 5.6320387572050086 7.0271874964237195 5.4638348519802085 8.2499655038118362 4.6145356446504593 3.7029517889022818 8.1787722408771497 8.5615935027599317 6.3796908855438232 6.8162503391504314 17.449441671371464 5.4975891113281259 3.7674478292465201
leaf_count=46 64 29 34 20 29 37 24 38 19 20 34 46 28 46 102 28 24
internal_value=0 0.058525 -0.0371983 0.0168791 -0.0130877 -0.00464884 0.00798952 -0.0108018 -0.0270696 -0.0589037 0.0378194 0.104954 -0.0113842 -0.0622694 -0.0656333 0.11451 -0.0596628
internal_weight=0 50.1181 80.0556 26.4199 37.9265 32.2945 20.6527 15.1889 11.6417 42.1291 15.176 23.6983 11.2439 38.4262 28.0331 14.0592 21.2169
internal_count=668 231 437 111 181 152 96 72 56 256 63 120 48 236 172 74 126
is_linear=0
shrinkage=0.09


Tree=11
num_leaves=18
num_cat=0
split_feature=1 0 0 4 2 3 5 3 2 0 5 5 2 2 2 4 5
split_gain=29.6907 10.9176 4.66597 3.63135 7.93465 1.59917 1.33835 1.39624 0.53016 0.908549 0.802822 0.407104 0.390314 0.390179 0.244082 0.0743871 0.0159431
threshold=1.0000000180025095e-35 2.5000000000000004 1.5000000000000002 1.0000000180025095e-35 1.5000000000000002 1.0000000180025095e-35 3.5000000000000004 1.0000000180025095e-35 2.5000000000000004 2.5000000000000004 1.5000000000000002 3.5000000000000004 3.5000000000000004 1.5000000000000002 1.5000000000000002 1.0000000180025095e-35 2.5000000000000004
decision_type=2 2 2 2 2 2 2 2 2 2 2 2 2 2 2 2 2
left_child=1 11 6 8 -5 13 -2 -8 10 16 -4 -1 -11 -3 -7 -13 -10
right_child=2 5 3 4 -6 14 7 -9 9 12 -12 15 -14 -15 -16 -17 -18
leaf_value=0.08621903943495042 0.037942582049482511 0.050111003792605607 -0.085883758782771505 0.056193641435635863 -0.097604852080346249 0.0021650360246832918 -0.034721210169863702 0.023045480768355529 -0.074361876320840792 -0.03694149943585822 -0.041312494141846429 0.11623141319969157 -0.067568062338456913 0.021145055039447174 -0.024434276118635571 0.1024343162183174 -0.082525486825863484
leaf_weight=9.276648223400116 6.0226160585880288 6.9584461152553585 10.908807948231695 7.1185021847486478 4.39448481798172 5.9191738069057447 8.8547303378581983 5.4906889498233804 5.4404817819595355 18.181002467870716 4.6766811162233344 8.0385000109672529 4.1376361846923819 8.2124118506908399 5.2931621074676514 5.2211066484451303 3.0096917599439621
leaf_count=46 28 29 72 32 25 25 40 23 40 105 26 46 27 34 23 28 19
internal_value=0 0.0546776 -0.03471 -0.0477498 -0.00251095 0.015382 0.0023371 -0.0126111 -0.0589857 -0.0521355 -0.0725094 0.100681 -0.0426193 0.0344309 -0.0103921 0.110799 -0.0772695
internal_weight=0 48.9194 78.2353 57.8673 11.513 26.3832 20.368 14.3454 46.3543 30.7688 15.5855 22.5363 22.3186 15.1709 11.2123 13.2596 8.45017
internal_count=668 231 437 346 57 111 91 63 289 191 98 120 132 63 48 74 59
is_linear=0
shrinkage=0.09


Tree=12
num_leaves=18
num_cat=0
split_feature=1 0 0 4 2 4 5 3 2 2 0 5 5 2 4 5 5
split_gain=25.3031 9.97783 4.08507 3.18816 6.79202 1.54966 1.09887 1.1648 0.931476 0.496377 0.855329 0.768824 0.425093 0.359075 0.0802518 0.0299218 0.0138948
threshold=1.0000000180025095e-35 2.5000000000000004 1.5000000000000002 1.0000000180025095e-35 1.5000000000000002 1.5000000000000002 3.5000000000000004 1.0000000180025095e-35 1.5000000000000002 2.5000000000000004 2.5000000000000004 1.5000000000000002 3.5000000000000004 3.5000000000000004 1.0000000180025095e-35 1.5000000000000002 2.5000000000000004
decision_type=2 2 2 2 2 2 2 2 2 2 2 2 2 2 2 2 2
left_child=1 12 6 9 -5 8 -2 -8 15 11 16 -4 -1 -12 -14 -3 -11
right_child=2 5 3 4 -6 -7 7 -9 -10 10 13 -13 14 -15 -16 -17 -18
leaf_value=0.081766505018353391 0.034118770098618752 0.039924404926376979 -0.082788318648891204 0.050392331849579787 -0.093917065116566972 -0.029957668267587341 -0.031904888747368694 0.020894654927175151 0.0069877247496960594 -0.071382096319454816 -0.034350545908953027 -0.038468694495502137 0.11335302622826508 -0.064298267760746805 0.098596930738142116 0.049781879592513019 -0.079199360413600886
leaf_weight=8.9183404743671417 6.0913469940423974 5.0022436827421242 10.325484812259672 7.2184985727071744 4.1666479408740997 5.2061956226825705 8.7730570882558805 5.5098875761032113 11.152315124869345 5.1702229082584399 17.810549423098568 4.5752841383218756 7.5244922041893005 3.9649076759815207 4.9488161206245422 4.9748504906892776 2.8608321696519852
leaf_count=46 28 21 72 32 25 24 40 23 46 40 105 26 46 27 28 20 19
internal_value=0 0.0511116 -0.0324026 -0.0449396 -0.00242091 0.0140241 0.00211311 -0.0115366 0.024861 -0.0557674 -0.0490623 -0.06918 0.0967706 -0.0398035 0.107499 0.0448396 -0.0741668
internal_weight=0 47.7273 76.4667 56.0924 11.3851 26.3356 20.3743 14.2829 21.1294 44.7073 29.8065 14.9008 21.3916 21.7755 12.4733 9.97709 8.03106
internal_count=668 231 437 346 57 111 91 63 87 289 191 98 120 132 74 41 59
is_linear=0
shrinkage=0.09


Tree=13
num_leaves=19
num_cat=0
split_feature=1 0 0 4 2 3 5 3 2 0 2 5 5 2 2 4 4 5
split_gain=21.574 9.11421 3.57158 2.79211 5.83053 1.32851 0.903551 0.97161 0.464294 0.802855 0.762209 0.970216 0.443171 0.329323 0.281364 0.211458 0.0865809 0.0122468
threshold=1.0000000180025095e-35 2.5000000000000004 1.5000000000000002 1.0000000180025095e-35 1.5000000000000002 1.0000000180025095e-35 3.5000000000000004 1.0000000180025095e-35 2.5000000000000004 2.5000000000000004 1.5000000000000002 1.5000000000000002 3.5000000000000004 3.5000000000000004 1.5000000000000002 1.0000000180025095e-35 1.0000000180025095e-35 2.5000000000000004
decision_type=2 2 2 2 2 2 2 2 2 2 2 2 2 2 2 2 2 2
left_child=1 12 6 8 -5 14 -2 -8 10 17 11 -4 -1 -11 -3 -7 -14 -10
right_child=2 5 3 4 -6 15 7 -9 9 13 -12 -13 16 -15 -16 -17 -18 -19
leaf_value=0.07759542197921486 0.030733098643202759 0.043684903597844417 -0.073295095478658395 0.045312032266965584 -0.090462417002731332 0.0033653434610160628 -0.029307210604185514 0.018955315708324792 -0.068471875051682105 -0.031906885474205934 -0.10765918503431911 -0.016701405041590889 0.11085040640395169 -0.061134405864500779 0.019003783914673313 -0.021636471836385649 0.095052797358525731 -0.075998533904017479
leaf_weight=8.5684686005115509 6.1507875323295602 6.8548677861690548 7.8382777720689756 7.3011269718408567 3.9467248618602753 4.8520767986774427 8.6949109584093076 5.5261708050966272 4.9168096929788616 17.465604037046436 2.8434865474700919 3.5717789679765701 7.0249015390872955 3.8024963289499274 8.2369246631860715 6.2950945496559143 4.6837003231048584 2.7196396142244339
leaf_count=46 28 29 57 32 25 20 40 23 40 105 21 20 46 27 34 28 28 19
internal_value=0 0.0478308 -0.0302311 -0.042267 -0.00232946 0.0128097 0.00191242 -0.0105529 -0.0526756 -0.0461204 -0.0659688 -0.0555791 0.0931489 -0.0371324 0.0302142 -0.0107538 0.104531 -0.0711524
internal_weight=0 46.516 74.7778 54.4059 11.2479 26.239 20.3719 14.2211 43.1581 28.9045 14.2535 11.4101 20.2771 21.2681 15.0918 11.1472 11.7086 7.63645
internal_count=668 231 437 346 57 111 91 63 289 191 98 77 120 132 63 48 74 59
is_linear=0
shrinkage=0.09


Tree=14
num_leaves=18
num_cat=0
split_feature=1 0 5 3 2 0 3 4 2 2 5 0 5 2 4 5 5
split_gain=18.3802 8.33685 3.21245 4.52985 4.51278 5.20901 1.50204 1.23221 0.795093 0.754207 0.69095 0.547927 0.460907 0.158012 0.0933436 0.060015 0.0486022
threshold=1.0000000180025095e-35 2.5000000000000004 1.5000000000000002 2.5000000000000004 1.5000000000000002 1.5000000000000002 1.0000000180025095e-35 1.5000000000000002 2.5000000000000004 1.5000000000000002 4.5000000000000009 2.5000000000000004 3.5000000000000004 3.5000000000000004 1.0000000180025095e-35 2.5000000000000004 1.5000000000000002
decision_type=2 2 2 2 2 2 2 2 2 2 2 2 2 2 2 2 2
left_child=1 12 8 4 6 10 -4 9 -2 16 -6 15 -1 -10 -14 -7 -3
right_child=2 7 3 -5 5 11 -8 -9 13 -11 -12 -13 14 -15 -16 -17 -18
leaf_value=0.073657631466115384 -0.07183212890369825 0.033121521087496865 0.0180077894416244 -0.10493383430957393 0.034156808601456597 -0.069886199257675488 0.085529188959140384 -0.027808320158629152 -0.036584965240479571 0.0053299147010060621 -0.0040515594711106207 -0.037947567681320835 0.10866262328214731 -0.057624688376402507 0.091742202063269468 -0.084782208973638293 0.045757343254005073
leaf_weight=8.2301555275917053 10.116203114390375 4.9040868133306557 6.7293149679899198 3.9463933631777754 6.9620849192142495 5.2164225429296476 4.422342985868454 5.1430330723524085 15.303810864686968 11.179383024573324 8.5315907150506973 4.5975157171487799 6.5435391366481781 3.5648065507411948 4.4279050827026367 3.7771539092063904 4.9588788002729416
leaf_count=46 77 21 34 20 32 44 20 24 95 46 35 27 46 26 28 27 20
internal_value=0 0.0447128 -0.0281913 -0.012917 -0.003892 -0.0225554 0.0447843 0.0116822 -0.0514745 0.0213342 0.0131174 -0.063222 0.089757 -0.04056 0.101834 -0.0761423 0.0394745
internal_weight=0 45.387 73.1676 44.1828 40.2364 29.0848 11.1517 26.1854 28.9848 21.0423 15.4937 13.5911 19.2016 18.8686 10.9714 8.99358 9.86297
internal_count=668 231 437 239 219 165 54 111 198 87 67 98 120 121 74 71 41
is_linear=0
shrinkage=0.09


Tree=15
num_leaves=17
num_cat=0
split_feature=1 0 5 3 2 0 3 3 2 5 3 5 2 4 2 4
split_gain=15.6645 7.61282 2.81436 3.96351 3.74512 4.54322 1.21656 1.11318 0.747558 0.565377 0.541556 0.4779 0.203377 0.159595 0.145484 0.10051
threshold=1.0000000180025095e-35 2.5000000000000004 1.5000000000000002 2.5000000000000004 1.5000000000000002 1.5000000000000002 1.0000000180025095e-35 1.0000000180025095e-35 2.5000000000000004 4.5000000000000009 1.0000000180025095e-35 3.5000000000000004 1.5000000000000002 1.0000000180025095e-35 3.5000000000000004 1.0000000180025095e-35
decision_type=2 2 2 2 2 2 2 2 2 2 2 2 2 2 2 2
left_child=1 11 8 4 6 9 -4 12 -2 -6 -7 -1 -3 -9 -10 -13
right_child=2 7 3 -5 5 10 -8 13 14 -11 -12 15 -14 -15 -16 -17
leaf_value=0.069916202762331084 -0.068848551302541736 0.03823706764806286 0.016259844443092978 -0.10018121804470489 0.030792711851657339 -0.043671924484426042 0.076678209969985339 0.0012759337441406234 -0.034067004876195163 -0.003688784382066723 -0.080583194678978329 0.10674098982888276 0.017174842416041201 -0.020494187032819668 -0.054618807899715953 0.088617293175259543
leaf_weight=7.9055933356285104 9.6277021914720553 6.7494857907295254 6.7794715315103513 3.7698412239551535 7.0245113968849191 7.2052592113614065 4.4855882078409195 4.8521788716316205 14.97184666991234 8.5274895429611206 5.8205843865871429 6.0830172598361969 8.2555115520954114 6.229422926902771 3.4289679974317542 4.1829169988632202
leaf_count=46 77 29 34 20 32 59 20 20 95 35 39 46 34 28 26 28
internal_value=0 0.0418252 -0.0262772 -0.011977 -0.00363129 -0.0209554 0.0403176 0.0106718 -0.0485286 0.0118858 -0.0601657 0.0865483 0.026649 -0.0109619 -0.0378968 0.0993564
internal_weight=0 44.2581 71.6413 43.6127 39.8429 28.5778 11.2651 26.0866 28.0285 15.552 13.0258 18.1715 15.005 11.0816 18.4008 10.2659
internal_count=668 231 437 239 219 165 54 111 198 67 98 120 63 48 121 74
is_linear=0
shrinkage=0.09


Tree=16
num_leaves=18
num_cat=0
split_feature=1 0 5 3 2 0 3 4 2 5 2 0 5 5 2 4 5
split_gain=13.3328 6.95223 2.46041 3.4764 3.11081 3.94896 0.992484 0.981835 0.700288 0.618504 1.32874 0.582659 0.493775 0.463411 0.133356 0.108047 0.0496657
threshold=1.0000000180025095e-35 2.5000000000000004 1.5000000000000002 2.5000000000000004 1.5000000000000002 1.5000000000000002 1.0000000180025095e-35 1.5000000000000002 2.5000000000000004 2.5000000000000004 2.5000000000000004 2.5000000000000004 3.5000000000000004 4.5000000000000009 3.5000000000000004 1.0000000180025095e-35 2.5000000000000004
decision_type=2 2 2 2 2 2 2 2 2 2 2 2 2 2 2 2 2
left_child=1 12 8 4 6 13 -4 9 -2 10 -3 16 -1 -6 -10 -14 -7
right_child=2 7 3 -5 5 11 -8 -9 14 -11 -12 -13 15 -15 -16 -17 -18
leaf_value=0.066342888826749033 -0.06593016682594699 0.033339831849308756 0.014694315543958078 -0.095829862922388973 0.027797121474084634 -0.065286768007139589 0.069025155654488621 -0.025755264119417198 -0.03168477655315588 0.044610776696443984 -0.019469377290394021 -0.030354386344869689 0.1050461041136071 -0.0033583588094088825 -0.051703827907462092 0.085639456977729275 -0.079506312942259599
leaf_weight=7.5962399840354946 9.1705914810299891 8.456177040934568 6.8243586272001249 3.5945313349366179 7.0784708261489877 4.7941029965877515 4.5320529341697693 5.0815373659133902 14.663654595613481 5.3920147567987433 7.0992631316184989 4.3238852620124808 5.6450080722570402 8.523699015378952 3.3023198172450057 3.9497027993202209 3.4011444374918938
leaf_count=46 77 36 34 20 32 44 20 24 95 22 29 27 46 35 26 28 27
internal_value=0 0.0390692 -0.0244678 -0.0110948 -0.00337944 -0.0194343 0.0363764 0.00973433 -0.0456939 0.0183436 0.00923852 -0.0570849 0.0834854 0.0107764 -0.0353645 0.0970573 -0.0711881
internal_weight=0 43.2199 70.2088 43.0722 39.4777 28.1213 11.3564 26.029 27.1366 20.9475 15.5554 12.5191 17.191 15.6022 17.966 9.59471 8.19525
internal_count=668 231 437 239 219 165 54 111 198 87 65 98 120 67 121 74 71
is_linear=0
shrinkage=0.09


Tree=17
num_leaves=18
num_cat=0
split_feature=1 0 5 3 2 0 3 0 0 2 5 5 2 2 2 4 5
split_gain=11.3492 6.3333 2.14344 1.24794 1.84844 2.5486 0.993506 0.806391 0.705449 0.653357 0.571935 0.508183 0.128505 0.127022 0.121677 0.11592 0.0332727
threshold=1.0000000180025095e-35 2.5000000000000004 1.5000000000000002 1.5000000000000002 1.5000000000000002 1.5000000000000002 1.0000000180025095e-35 2.5000000000000004 2.5000000000000004 2.5000000000000004 4.5000000000000009 3.5000000000000004 1.5000000000000002 1.5000000000000002 3.5000000000000004 1.0000000180025095e-35 2.5000000000000004
decision_type=2 2 2 2 2 2 2 2 2 2 2 2 2 2 2 2 2
left_child=1 11 9 4 7 10 13 -4 16 -2 -6 -1 -8 -3 -11 -13 -7
right_child=2 6 3 -5 5 8 12 -9 -10 14 -12 15 -14 -15 -16 -17 -18
leaf_value=0.062916278207779383 -0.063068959454924425 0.033315911174852435 0.048952996316732035 -0.051597904030911454 0.025121121405666764 -0.06149046638629551 -0.0023908258985307308 -0.00058918048160815453 -0.018622272422730995 -0.029434135620930418 -0.0096592827897417789 0.10354575608692351 -0.021851180728623444 0.01659718256663878 -0.048877381140386887 0.082777373534618184 -0.073891037321793002
leaf_weight=7.302981078624728 8.7439878508448619 6.6406355500221279 5.9808092117309553 5.1980552598834029 7.1252288818359384 4.446505203843115 5.8165576457977277 4.7946347594261169 3.8041573166847229 14.378092005848886 8.2800450474023819 5.2304485887289029 5.2109209299087524 8.2587822079658491 3.1845130026340476 3.7288244962692261 2.8928799331188202
leaf_count=46 77 29 28 31 32 43 25 23 24 95 34 46 23 34 26 28 24
internal_value=0 0.0365087 -0.0227752 -0.010283 -0.00452921 -0.017289 0.00889193 0.0269087 -0.0500754 -0.0429676 0.00642731 0.080538 -0.0115866 0.0240487 -0.0329597 0.094902 -0.0663783
internal_weight=0 42.1892 68.8289 42.5223 37.3243 26.5488 25.9269 10.7754 11.1435 26.3066 15.4053 16.2623 11.0275 14.8994 17.5626 8.95927 7.33939
internal_count=668 231 437 239 208 157 111 51 91 198 66 120 48 63 121 74 67
is_linear=0
shrinkage=0.09


Tree=18
num_leaves=19
num_cat=0
split_feature=1 0 3 4 2 0 2 3 2 0 2 5 5 2 4 4 2 5
split_gain=9.63962 5.76488 2.03005 3.14126 14.3957 2.68022 1.98745 0.82465 0.594199 0.595285 0.522073 0.5208 0.281965 0.247809 0.124088 0.116897 0.108555 0.00395693
threshold=1.0000000180025095e-35 2.5000000000000004 2.5000000000000004 1.0000000180025095e-35 1.5000000000000002 1.5000000000000002 2.5000000000000004 1.0000000180025095e-35 2.5000000000000004 2.5000000000000004 3.5000000000000004 3.5000000000000004 1.5000000000000002 3.5000000000000004 1.0000000180025095e-35 1.0000000180025095e-35 1.5000000000000002 2.5000000000000004
decision_type=2 2 2 2 2 2 2 2 2 2 2 2 2 2 2 2 2 2
left_child=1 11 3 5 -5 6 -2 16 12 17 -8 -1 -7 -11 -13 -9 -3 -10
right_child=2 7 -4 4 -6 8 10 15 9 13 -12 14 -14 -15 -16 -17 -18 -19
leaf_value=0.059620397137335197 -0.048674177844045499 0.030544452473247368 -0.089670274412593551 0.15818386025805425 -0.059663802283736141 -0.066770970527455162 0.043392038103549239 -0.0001255832836460542 -0.054949379983736932 -0.01948135186710143 0.006200051821416289 0.10221332369486194 -0.038341679069039118 -0.04710792915161828 0.080005632218351094 -0.018816910258155357 0.015066244708074369 -0.059808591505352872
leaf_weight=7.0262511968612662 4.4181160777807262 6.5935766398906734 3.3291220441460601 4.1176536679267866 6.0925098955631256 7.5986144542694074 5.1821739673614484 4.8466663956642133 3.9024456590414074 15.801526039838793 7.455322802066803 4.8397082686424238 4.4989594370126724 3.1550725251436225 3.5205274224281311 6.1483955979347229 8.2781978100538236 2.0814001485705376
leaf_count=46 21 29 20 17 35 72 21 20 40 105 34 46 26 27 28 28 34 19
internal_value=0 0.0340595 -0.0211419 -0.0175941 0.0281919 -0.0262362 0.00328574 0.00811139 -0.0398307 -0.0318914 0.0214511 0.077682 -0.0561984 -0.0240794 0.0928616 -0.0105777 0.0219287 -0.0566396
internal_weight=0 41.2533 67.6329 64.3038 10.2102 54.0936 17.0556 25.8668 37.038 24.9404 12.6375 15.3865 12.0976 18.9566 8.36024 10.9951 14.8718 5.98385
internal_count=668 231 437 417 52 365 76 111 289 191 55 120 98 132 74 48 63 59
is_linear=0
shrinkage=0.09


Tree=19
num_leaves=19
num_cat=0
split_feature=1 0 3 4 2 0 2 4 5 2 2 0 5 2 5 2 4 5
split_gain=8.19789 5.23689 1.80463 2.65827 12.0944 2.31817 1.66823 0.772943 0.666136 1.01743 0.541028 0.542978 0.531335 0.433382 0.27376 0.220952 0.132506 0.00359926
threshold=1.0000000180025095e-35 2.5000000000000004 2.5000000000000004 1.0000000180025095e-35 1.5000000000000002 1.5000000000000002 2.5000000000000004 1.5000000000000002 2.5000000000000004 2.5000000000000004 2.5000000000000004 2.5000000000000004 3.5000000000000004 3.5000000000000004 1.5000000000000002 3.5000000000000004 1.0000000180025095e-35 2.5000000000000004
decision_type=2 2 2 2 2 2 2 2 2 2 2 2 2 2 2 2 2 2
left_child=1 12 3 5 -5 6 -2 8 9 -3 14 17 -1 -8 -7 -13 -14 -12
right_child=2 7 -4 4 -6 10 13 -9 -10 -11 11 15 16 -15 -16 -17 -18 -19
leaf_value=0.056443568728371862 -0.045199322078635827 0.026898677769067243 -0.086018818337828096 0.14563125062248233 -0.055705738837335046 -0.064110894248507466 0.039508599075140732 -0.024287400474278489 0.042271441682195654 -0.019521472227216757 -0.052321073952966819 -0.017958146675325849 0.10102663612251517 0.0056306864923067416 -0.035646801433296293 -0.044450861906940066 0.077303671069038835 -0.057059547252645171
leaf_weight=6.7661408185958845 4.333646014332774 8.3033149689436012 3.1657612994313231 4.0719029903411847 5.9451916292309761 7.2195104211568815 5.17940706014633 5.0223997831344596 5.3938657790422431 7.0903519541025153 3.7374548166990307 15.608473032712938 4.4727199375629425 7.4696544408798218 4.4079626128077507 3.0478680282831183 3.3248172104358673 1.9896745681762693
leaf_count=46 21 36 20 17 35 72 21 24 22 29 40 105 46 34 26 27 28 19
internal_value=0 0.0317472 -0.0197128 -0.0163815 0.0261368 -0.0244185 0.00299202 0.00739868 0.0150542 0.00551747 -0.0373452 -0.0297274 0.0748979 0.0195027 -0.0533202 -0.0222862 0.0909113 -0.0539673
internal_weight=0 40.3736 66.1765 63.0107 10.0171 52.9937 16.9827 25.8099 20.7875 15.3937 36.0109 24.3835 14.5637 12.6491 11.6275 18.6563 7.79754 5.72713
internal_count=668 231 437 417 52 365 76 111 87 65 289 191 120 55 98 132 74 59
is_linear=0
shrinkage=0.09


Tree=20
num_leaves=19
num_cat=0
split_feature=1 0 3 4 2 0 2 3 5 2 0 2 5 2 4 2 2 5
split_gain=6.97003 4.74214 1.60495 2.25151 10.2456 2.0006 1.40015 0.751076 0.539534 0.490918 0.493031 0.3602 0.263666 0.196239 0.141122 0.0993027 0.0633497 0.00327859
threshold=1.0000000180025095e-35 2.5000000000000004 2.5000000000000004 1.0000000180025095e-35 1.5000000000000002 1.5000000000000002 2.5000000000000004 1.0000000180025095e-35 3.5000000000000004 2.5000000000000004 2.5000000000000004 3.5000000000000004 1.5000000000000002 3.5000000000000004 1.0000000180025095e-35 1.5000000000000002 1.5000000000000002 2.5000000000000004
decision_type=2 2 2 2 2 2 2 2 2 2 2 2 2 2 2 2 2 2
left_child=1 8 3 5 -5 6 -2 16 -1 12 17 -8 -7 -12 -10 -9 -3 -11
right_child=2 7 -4 4 -6 9 11 15 14 10 13 -13 -14 -15 -16 -17 -18 -19
leaf_value=0.053377542684698361 -0.041950245600880232 0.026649759184227999 -0.08255200059294196 0.13535672682864083 -0.051975621668780836 -0.061479771450014514 0.036000717113976621 -0.0030089638456406811 0.099967080182055426 -0.049738100490917668 -0.016539091963691775 0.0051146324142797321 -0.033107119348500344 -0.041878254250475484 0.074655003560324479 -0.020185793183113795 0.014774881746285592 -0.054358836804809012
leaf_weight=6.522476524114607 4.2529496848583248 6.4941015690565136 3.0091731622815123 3.9903542846441251 5.8051281943917274 6.8675273805856687 5.1728110015392286 5.7752718776464445 4.129088431596756 3.5849612504243877 15.431062906980516 7.4825873076915741 4.3230645284056664 2.9486940503120413 3.1415146589279175 5.1637746393680573 8.2766703367233259 1.9045976400375364
leaf_count=46 21 29 20 17 35 72 21 25 46 40 105 34 26 27 28 23 34 19
internal_value=0 0.0295978 -0.018369 -0.015242 0.0243374 -0.0227023 0.00272548 0.00675775 0.0721707 -0.0349653 -0.0276733 0.0177391 -0.0505191 -0.0206043 0.0890301 -0.0111173 0.0199958 -0.0513413
internal_weight=0 39.5029 64.7729 61.7637 9.79548 51.9683 16.9083 25.7098 13.7931 35.0599 23.8693 12.6554 11.1906 18.3798 7.2706 10.939 14.7708 5.48956
internal_count=668 231 437 417 52 365 76 111 120 289 191 55 98 132 74 48 63 59
is_linear=0
shrinkage=0.09


Tree=21
num_leaves=18
num_cat=0
split_feature=1 0 3 5 2 0 0 4 5 2 3 5 2 3 2 4 2
split_gain=5.91706 4.28729 1.42734 1.96161 1.41473 2.12854 1.10321 0.635094 0.617049 0.815032 0.614473 0.545183 0.434442 0.303816 1.05322 0.149877 0.0721079
threshold=1.0000000180025095e-35 2.5000000000000004 2.5000000000000004 1.5000000000000002 1.5000000000000002 1.5000000000000002 1.5000000000000002 1.5000000000000002 2.5000000000000004 2.5000000000000004 1.0000000180025095e-35 3.5000000000000004 2.5000000000000004 1.0000000180025095e-35 3.5000000000000004 1.0000000180025095e-35 3.5000000000000004
decision_type=2 2 2 2 2 2 2 2 2 2 2 2 2 2 2 2 2
left_child=1 11 3 12 6 13 -5 8 9 -3 -7 -1 -2 14 -6 -13 -14
right_child=2 7 -4 4 5 10 -8 -9 -10 -11 -12 15 16 -15 -16 -17 -18
leaf_value=0.050416740688515399 -0.052692359799234707 0.023162691904068038 -0.079234867881508103 -0.012368250639373763 0.032622059944290654 -0.024231182783148481 0.047570019547417013 -0.022708505837548944 0.039276291000679531 -0.018519818762205636 -0.06809161749166949 0.099018883027144969 -0.023560340523419262 0.02610828662561903 -0.025531591398086393 0.072046675400894655 -0.039378134032499748
leaf_weight=6.2948888540267927 7.26194800436497 8.2103822678327614 2.8599931597709647 3.8699920028448087 4.4345813691616076 5.7513885647058469 6.9619038999080658 4.9744547307491294 5.3950563520193091 7.073125645518302 4.7028569951653481 3.8081759363412857 13.646074384450914 5.2748523354530326 5.8508581817150116 2.9703047573566437 2.8161592110991469
leaf_count=46 77 36 20 19 18 59 35 24 22 29 39 46 95 22 27 28 26
internal_value=0 0.0275411 -0.0171043 -0.0141706 -0.00117445 -0.012554 0.0261554 0.00616368 0.0131092 0.00387225 -0.0439619 0.0694886 -0.0343553 0.00854745 -0.000458565 0.0871998 -0.0262663
internal_weight=0 38.7264 63.4306 60.5706 36.8464 26.0145 10.8319 25.653 20.6786 15.2835 10.4542 13.0734 23.7242 15.5603 10.2854 6.77848 16.4622
internal_count=668 231 437 417 219 165 54 111 87 65 98 120 198 67 45 74 121
is_linear=0
shrinkage=0.09


Tree=22
num_leaves=18
num_cat=0
split_feature=1 0 5 3 0 3 2 0 4 5 2 5 4 2 2 5 2
split_gain=5.01776 3.86282 1.19548 0.68624 0.637481 2.22564 2.06705 2.32524 0.83696 0.548117 0.397108 0.242077 0.158706 0.0713728 0.0645627 0.0386202 0.0344845
threshold=1.0000000180025095e-35 2.5000000000000004 1.5000000000000002 1.0000000180025095e-35 2.5000000000000004 1.0000000180025095e-35 1.5000000000000002 1.5000000000000002 1.0000000180025095e-35 3.5000000000000004 2.5000000000000004 4.5000000000000009 1.0000000180025095e-35 1.5000000000000002 3.5000000000000004 2.5000000000000004 1.5000000000000002
decision_type=2 2 2 2 2 2 2 2 2 2 2 2 2 2 2 2 2
left_child=1 9 10 16 6 -6 -4 11 -7 -1 -2 -8 -11 -5 -12 -9 -3
right_child=2 3 4 13 5 8 7 15 -10 12 14 -13 -14 -15 -16 -17 -18
leaf_value=0.047557692395881361 -0.050049637161841999 0.02328527512284263 0.048242296372661128 -0.004611776676503491 0.039135359068244654 -0.086955356085417962 0.019244838148032514 -0.051810055148767444 -0.027148244476145816 0.098168629266420324 -0.021788159767576972 -0.0032493661185827487 0.069468705024536864 -0.019215270602737755 -0.036959577377005365 -0.066100628341859022 0.014488537361593069
leaf_weight=6.082861661911009 6.9711506739258793 6.4028399139642742 5.9139184653759029 5.7455204874277097 3.2084726095199576 3.0197849720716459 7.0971103161573419 3.7766371294856063 5.0899852141737938 3.5091684758663177 13.438090175390245 8.5363013297319412 2.810774028301239 5.1324060708284378 2.7343377098441115 2.5770283713936806 8.274437874555586
leaf_count=46 77 29 29 25 19 18 32 44 34 46 95 36 28 23 26 27 34
internal_value=0 0.0256309 -0.015872 0.00562933 -0.00629973 -0.0243153 0.00100839 -0.0116962 -0.0494182 0.0668428 -0.0320933 0.00696234 0.0854044 -0.011502 -0.0243533 -0.0576063 0.018326
internal_weight=0 37.958 62.3628 25.5552 39.2192 11.3182 27.901 21.9871 8.10977 12.4028 23.1436 15.6334 6.31994 10.8779 16.1724 6.35367 14.6773
internal_count=668 231 437 111 239 71 168 139 52 120 198 68 74 48 121 71 63
is_linear=0
shrinkage=0.09


Tree=23
num_leaves=19
num_cat=0
split_feature=1 0 5 3 5 0 3 2 0 2 3 2 4 4 2 3 5 2
split_gain=4.24617 3.47378 1.02606 0.569486 0.548219 0.536609 1.87865 1.70094 2.03176 0.361156 0.226452 0.892516 0.167539 0.0752592 0.0575334 0.0511413 0.0366023 0.0296453
threshold=1.0000000180025095e-35 2.5000000000000004 1.5000000000000002 1.0000000180025095e-35 3.5000000000000004 2.5000000000000004 1.0000000180025095e-35 1.5000000000000002 1.5000000000000002 2.5000000000000004 1.0000000180025095e-35 3.5000000000000004 1.0000000180025095e-35 1.0000000180025095e-35 3.5000000000000004 1.5000000000000002 2.5000000000000004 1.5000000000000002
decision_type=2 2 2 2 2 2 2 2 2 2 2 2 2 2 2 2 2 2
left_child=1 4 9 17 -1 7 -7 -4 10 -2 11 -9 -6 -5 -11 -8 -10 -3
right_child=2 3 5 13 12 6 15 8 16 14 -12 -13 -14 -15 -16 -17 -18 -19
leaf_value=0.044798475612965523 -0.047460047734000838 0.021325299825321446 0.043400724808221422 -0.0021284113423789921 0.097404830373073237 0.034936097415668194 -0.040085651229143433 0.028964345906281264 -0.049279107515536935 -0.020127833351625234 0.021228448332441363 -0.024659729275506973 0.066913778995055906 -0.017212018128433409 -0.034634648376601525 -0.054770987964771978 -0.063529970641784672 0.013158443628470205
leaf_weight=5.8857780396938306 6.7026847824454334 6.3639954626560238 5.9787476211786297 4.8288780003786069 3.2311310917139053 3.2676680088043195 4.6250261515378952 4.4201398789882678 3.6206668689846984 13.246725529432295 5.4064174219965926 5.8302104324102402 2.6624397337436676 6.0192643254995346 2.6589095219969741 3.2852259278297424 2.4461519718170166 8.2900877296924573
leaf_count=46 77 29 29 20 46 19 28 18 44 95 23 27 28 28 26 24 27 34
internal_value=0 0.0238046 -0.0146909 0.00513356 0.0642273 -0.0058254 -0.0224704 0.000890888 -0.0108086 -0.0299371 0.00632473 -0.00153604 0.0836304 -0.0104978 -0.0225529 -0.0461847 -0.0550251 0.0167052
internal_weight=0 37.2816 61.4886 25.5022 11.7793 38.8803 11.1779 27.7023 21.7236 22.6083 15.6568 10.2504 5.89357 10.8481 15.9056 7.91025 6.06682 14.6541
internal_count=668 231 437 111 120 239 71 168 139 198 68 45 74 48 121 52 71 63
is_linear=0
shrinkage=0.09


Tree=24
num_leaves=19
num_cat=0
split_feature=1 0 5 2 5 4 5 2 0 3 2 0 2 2 5 2 3 5
split_gain=3.59049 3.11519 0.877746 0.560823 0.627806 0.501183 0.641351 0.639842 0.450196 1.58373 1.40264 1.77149 0.326823 0.316021 0.244622 0.0510342 0.0501532 0.0346205
threshold=1.0000000180025095e-35 2.5000000000000004 1.5000000000000002 2.5000000000000004 3.5000000000000004 1.5000000000000002 2.5000000000000004 2.5000000000000004 2.5000000000000004 1.0000000180025095e-35 1.5000000000000002 1.5000000000000002 2.5000000000000004 3.5000000000000004 4.5000000000000009 3.5000000000000004 1.5000000000000002 2.5000000000000004
decision_type=2 2 2 2 2 2 2 2 2 2 2 2 2 2 2 2 2 2
left_child=1 3 12 -1 -5 6 7 -3 10 -10 -4 14 -2 -6 -12 -14 -11 -13
right_child=2 5 8 4 13 -7 -8 -9 9 16 11 17 15 -15 -16 -17 -18 -19
leaf_value=0.10116422032891041 -0.04492727070803082 0.018656751239205835 0.039114004528621238 0.028848798494470518 0.048580070301529298 -0.021136276275792069 0.037509314825584568 -0.018425625887936784 0.031263808913702555 -0.037010252505379204 0.018152267543685971 -0.046790867628942932 -0.018575008071593905 0.09848520927790326 -0.0044810700668138836 -0.032404849309271205 -0.051748694098626175 -0.060977980068380892
leaf_weight=2.3084189891815177 6.4551217108964947 8.0838988870382362 6.0341423749923733 4.7111332863569242 1.8201001510024069 4.9146482497453681 5.3934455066919318 7.0610604882240287 3.3202130421996099 4.5615944117307663 7.0694037973880777 3.4768674820661536 13.070833057165144 2.3611230775713921 8.541291318833828 2.5894526094198218 3.1696705706417561 2.3248790130019188
leaf_count=26 77 36 29 38 25 24 22 29 19 28 32 44 95 31 36 26 24 27
internal_value=0 0.022086 -0.0135967 0.0616383 0.0513775 0.00468085 0.0108586 0.00136777 -0.00538808 -0.0207257 0.000787675 -0.0100129 -0.0278861 0.0767613 0.00576858 -0.0208618 -0.0430527 -0.0524759
internal_weight=0 36.6538 60.6135 11.2008 8.89236 25.4531 20.5384 15.145 38.4981 11.0515 27.4466 21.4124 22.1154 4.18122 15.6107 15.6603 7.73126 5.80175
internal_count=668 231 437 120 94 111 87 65 239 71 168 139 198 56 68 121 52 71
is_linear=0
shrinkage=0.09


Tree=25
num_leaves=20
num_cat=0
split_feature=1 0 5 2 5 3 0 3 2 0 2 2 3 2 2 3 2 5 2
split_gain=3.03455 2.78405 0.750393 0.553631 0.600573 0.530838 0.377727 1.33487 1.15727 1.54234 0.317878 0.294306 0.213332 0.758146 0.0540189 0.0485525 0.0450686 0.032658 0.0137649
threshold=1.0000000180025095e-35 2.5000000000000004 1.5000000000000002 2.5000000000000004 3.5000000000000004 1.0000000180025095e-35 2.5000000000000004 1.0000000180025095e-35 1.5000000000000002 1.5000000000000002 3.5000000000000004 2.5000000000000004 1.0000000180025095e-35 3.5000000000000004 1.5000000000000002 1.5000000000000002 3.5000000000000004 2.5000000000000004 1.5000000000000002
decision_type=2 2 2 2 2 2 2 2 2 2 2 2 2 2 2 2 2 2 2
left_child=1 3 11 -1 -5 18 8 -8 -4 12 -6 -2 13 -10 -7 -9 -13 -11 -3
right_child=2 5 6 4 10 14 7 15 9 17 -12 16 -14 -15 -16 -17 -18 -19 -20
leaf_value=0.10011199218604459 -0.042455431050328583 0.018654521384999484 0.0353023378296334 0.026825465438934246 0.046141365012597364 -0.004845202335556022 0.028035660470891986 -0.034141174670033352 0.025746773858132562 -0.044349666130698739 0.097693706260910465 -0.017125219147684931 0.019676197672089103 -0.023768545082190361 -0.017602092007799025 -0.048830687493668361 -0.030271431545480693 -0.058443914571588117 0.013069297872651988
leaf_weight=2.130889654159545 6.2270747944712666 6.2857893407344845 6.0815668851137188 4.6151461303234083 1.747298948466778 5.7052820175886136 3.366943530738352 4.5027557536959648 4.4035417586565035 3.3444266170263282 2.1745834052562714 12.909308433532713 5.4183182418346396 5.8086539953947067 5.0851376354694366 3.0619156584143639 2.5255586877465239 2.2126722261309624 8.285316735506056
leaf_count=26 77 29 29 38 25 25 19 28 18 44 31 95 23 27 23 24 26 27 34
internal_value=0 0.0204995 -0.0125583 0.059074 0.0488307 0.00427377 -0.00497038 -0.0191052 0.000695941 -0.00923727 0.0747258 -0.0259395 0.00524139 -0.00241733 -0.0108571 -0.040087 -0.0192763 -0.0499616 0.0154787
internal_weight=0 36.0294 59.8627 10.6679 8.53703 25.3615 38.2008 10.9316 27.2692 21.1876 3.92188 21.6619 15.6305 10.2122 10.7904 7.56467 15.4349 5.5571 14.5711
internal_count=668 231 437 120 94 111 239 71 168 139 56 198 68 45 48 52 121 71 63
is_linear=0
shrinkage=0.09


Tree=26
num_leaves=21
num_cat=0
split_feature=1 0 5 2 5 3 2 0 5 2 0 3 3 2 5 4 3 2 2 2
split_gain=2.56182 2.48323 0.639187 0.546314 0.572083 0.440435 0.319591 0.316517 1.19176 1.72513 1.76039 1.29306 1.12471 0.263752 0.0782509 0.055182 0.0464477 0.0396309 0.0118883 0.00566024
threshold=1.0000000180025095e-35 2.5000000000000004 1.5000000000000002 2.5000000000000004 3.5000000000000004 1.0000000180025095e-35 3.5000000000000004 2.5000000000000004 3.5000000000000004 1.5000000000000002 1.5000000000000002 1.0000000180025095e-35 1.0000000180025095e-35 2.5000000000000004 4.5000000000000009 1.0000000180025095e-35 1.5000000000000002 3.5000000000000004 1.5000000000000002 3.5000000000000004
decision_type=2 2 2 2 2 2 2 2 2 2 2 2 2 2 2 2 2 2 2 2
left_child=1 3 13 -1 -5 18 -6 8 9 -4 -11 14 -9 -2 -10 -7 -14 -15 -3 -12
right_child=2 5 7 4 6 15 -8 12 11 10 19 -13 16 17 -16 -17 -18 -19 -20 -21
leaf_value=0.099166801932809925 -0.040048849324804785 0.017069533493443562 0.076220057187036158 0.02491104298307455 0.04374537810208208 -0.0027483350111136597 0.096981215560872705 0.025185412649523165 -0.029919163331537001 0.046446290522243944 -0.03534387810631532 0.015180562001821709 -0.031467733884750271 -0.015773901333034589 -0.046705565052255475 -0.015708363501290117 -0.046014549211802584 -0.028235267100195572 0.011872987597896411 -0.041995491985353794
leaf_weight=1.9651946276426304 6.01720713824034 6.252819791436198 3.4116229563951501 4.5268250703811628 1.680325794965029 4.8175775706768018 2.0013497583568096 3.4085760414600355 4.9200384542345983 3.6441696137189847 2.8672307282686234 6.4273116067051896 4.4482824131846428 12.761102661490439 4.1438707932829857 5.9451855719089508 2.9616694450378418 2.4668364748358718 8.2986567318439466 1.6227272152900694
leaf_count=26 77 29 16 38 25 20 31 19 24 16 38 32 28 95 19 28 24 26 34 23
internal_value=0 0.0189891 -0.0116023 0.0565429 0.0463383 0.00389635 0.0726842 -0.00459061 0.000615118 0.0225023 -2.80449e-05 -0.0156976 -0.0176004 -0.0240962 -0.0375936 -0.00990726 -0.0372819 -0.0177926 0.014106 -0.0377479
internal_weight=0 35.4879 59.1006 10.1737 8.2085 25.3142 3.68168 37.8555 27.037 11.5458 8.13413 15.4912 10.8185 21.2451 9.06391 10.7628 7.40995 15.2279 14.5515 4.48996
internal_count=668 231 437 120 94 111 56 239 168 93 77 75 71 198 43 48 52 121 63 61
is_linear=0
shrinkage=0.09


Tree=27
num_leaves=21
num_cat=0
split_feature=1 0 5 2 0 4 4 5 2 0 5 2 0 3 3 2 5 3 2 2
split_gain=2.15997 2.20888 0.543992 0.538568 0.546997 0.492046 0.396663 0.648454 0.509385 0.265187 0.992569 1.4074 1.47714 1.08228 0.947172 0.235266 0.0652699 0.0439501 0.0347073 0.00522189
threshold=1.0000000180025095e-35 2.5000000000000004 1.5000000000000002 2.5000000000000004 1.5000000000000002 1.0000000180025095e-35 1.5000000000000002 2.5000000000000004 2.5000000000000004 2.5000000000000004 3.5000000000000004 1.5000000000000002 1.5000000000000002 1.0000000180025095e-35 1.0000000180025095e-35 2.5000000000000004 4.5000000000000009 1.5000000000000002 3.5000000000000004 3.5000000000000004
decision_type=2 2 2 2 2 2 2 2 2 2 2 2 2 2 2 2 2 2 2 2
left_child=1 3 15 -1 5 -5 7 8 -3 10 11 -4 -13 16 -11 -2 -12 -16 -17 -14
right_child=2 6 9 4 -6 -7 -8 -9 -10 14 13 12 19 -15 17 18 -18 -19 -20 -21
leaf_value=0.098316350907326849 -0.037711892657208118 0.015020230248699669 0.068771167502994376 0.096850440186623477 0.023191899239851422 0.026037547033350143 -0.019565467783606131 0.035828067457786592 -0.018188273898351426 0.022659383974243986 -0.027521374592956508 0.042071761113658325 -0.033176796431658176 0.013782173661105729 -0.028979665505930351 -0.01451638991905378 -0.042928098890577623 -0.043299119545466093 -0.026296770083035416 -0.03967354388592656
leaf_weight=1.8108744472265224 5.8242384865880039 7.975905001163488 3.4394117295742044 2.1743128821253781 4.4780626744031906 1.2527584433555601 4.8567397445440283 5.3911775648593894 7.0470630079507828 3.445727199316023 4.8697634562849981 3.660185441374777 2.7836327478289604 6.4415873289108285 4.3979345187544823 12.625218003988264 4.1046391278505325 2.8686009235680103 2.4129127189517012 1.5658298358321188
leaf_count=26 77 36 16 37 40 17 24 22 29 19 24 16 38 32 28 95 19 24 26 23
internal_value=0 0.0175738 -0.0107007 0.0540443 0.0439027 0.0709649 0.0035518 0.00905164 -0.000557412 -0.00423073 0.000543491 0.0206173 -6.03757e-05 -0.0143648 -0.0162039 -0.0223545 -0.034568 -0.0346325 -0.0164066 -0.0355157
internal_weight=0 34.9869 58.4397 9.71601 7.90513 3.42707 25.2709 20.4141 15.023 37.5773 26.865 11.4491 8.00965 15.416 10.7123 20.8624 8.9744 7.26654 15.0381 4.34946
internal_count=668 231 437 120 94 54 111 87 65 239 168 93 77 75 71 198 43 52 121 61
is_linear=0
shrinkage=0.09


Tree=28
num_leaves=16
num_cat=0
split_feature=3 1 5 4 4 2 2 5 2 0 2 0 2 5 3
split_gain=1.96034 2.18623 2.49196 2.11508 1.5636 7.49385 1.96273 1.37119 1.20352 1.34317 0.524938 0.306177 0.275848 0.185418 0.000288581
threshold=2.5000000000000004 1.0000000180025095e-35 2.5000000000000004 1.5000000000000002 1.0000000180025095e-35 1.5000000000000002 2.5000000000000004 2.5000000000000004 1.5000000000000002 1.5000000000000002 3.5000000000000004 2.5000000000000004 2.5000000000000004 2.5000000000000004 1.0000000180025095e-35
decision_type=2 2 2 2 2 2 2 2 2 2 2 2 2 2 2
left_child=1 2 12 8 6 -6 13 11 -4 14 -9 -8 -1 -3 -10
right_child=-2 4 3 -5 5 -7 7 10 9 -11 -12 -13 -14 -15 -16
leaf_value=0.010859971943837653 -0.05299460924423894 -0.031772002332932141 0.11932653928582071 -0.0050838375960929553 0.12442895020506377 -0.042743885415420894 -0.044292112129340262 0.035132202481767683 0.097219792887110051 0.017480759503539587 0.0014368821363680358 -0.013590633822247232 -0.01191824109083655 -0.052737528963769452 0.095455281605546602
leaf_weight=8.3711154460907036 5.3465278819203368 6.4907462969422323 3.0447958037257177 4.0295835211873046 3.723132982850073 5.2133523970842361 3.204862743616105 7.2841310575604421 1.774068530648947 4.0259043760597706 7.707909882068634 14.696894504129887 8.8689351677894575 7.2148877531290054 1.3015783578157423
leaf_count=39 36 82 20 28 17 35 43 42 29 29 40 121 45 37 25
internal_value=0 0.00315278 0.022127 0.0500801 -0.00758068 0.0269039 -0.0141939 -0.00227117 0.0719883 0.0516919 0.0178083 -0.019087 -0.000858004 -0.0428086 0.0964731
internal_weight=0 86.9519 31.416 14.1759 55.5359 8.93649 46.5994 32.8938 10.1463 7.10155 14.992 17.9018 17.2401 13.7056 3.07565
internal_count=668 632 215 131 417 52 365 246 103 83 82 164 84 119 54
is_linear=0
shrinkage=0.09


Tree=29
num_leaves=16
num_cat=0
split_feature=3 1 5 4 4 2 2 5 2 0 2 0 2 5 3
split_gain=1.66495 1.84207 2.15297 1.86718 1.32447 6.4387 1.67959 1.14458 1.0203 1.30475 0.431165 0.271281 0.228678 0.156077 0.000219182
threshold=2.5000000000000004 1.0000000180025095e-35 2.5000000000000004 1.5000000000000002 1.0000000180025095e-35 1.5000000000000002 2.5000000000000004 2.5000000000000004 1.5000000000000002 1.5000000000000002 3.5000000000000004 2.5000000000000004 2.5000000000000004 2.5000000000000004 1.0000000180025095e-35
decision_type=2 2 2 2 2 2 2 2 2 2 2 2 2 2 2
left_child=1 2 12 8 6 -6 13 11 -4 14 -9 -8 -1 -3 -10
right_child=-2 4 3 -5 5 -7 7 10 9 -11 -12 -13 -14 -15 -16
leaf_value=0.0099108140006973228 -0.049411077006539871 -0.029686671902870644 0.11246951413845895 -0.0046271453978408436 0.11750416615541329 -0.039697169767064555 -0.04184547630903579 0.031801779997933759 0.096564828692411203 0.01601341651448376 0.0013069229426912398 -0.012493284030486548 -0.010841128902988596 -0.04915498302132721 0.094960762323454115
leaf_weight=8.3483812212944084 5.2241073362529269 6.3292844220995885 2.9443967491388303 4.0288775563240042 3.5937427282333356 5.1131105870008469 3.0923286676406869 7.3208870440721494 1.6318689770996573 4.0005206950008869 7.7115244194865227 14.555808655917645 8.8724180161952955 7.0519004687666893 1.1954636573791502
leaf_count=39 36 82 20 28 17 35 43 42 29 29 40 121 45 37 25
internal_value=0 0.00292163 0.0204446 0.0469294 -0.00700368 0.0251875 -0.0130886 -0.00209159 0.0681849 0.0490879 0.0161581 -0.0176364 -0.000780903 -0.0399465 0.0958866
internal_weight=0 85.7905 31.0219 13.8011 54.7686 8.70685 46.0617 32.6805 9.77225 6.82785 15.0324 17.6481 17.2208 13.3812 2.82733
internal_count=668 632 215 131 417 52 365 246 103 83 82 164 84 119 54
is_linear=0
shrinkage=0.09


end of trees

feature_importances:
age=167
fare=113
pclass=90
parch=66
sibsp=65
sex=30

parameters:
[boosting: gbdt]
[objective: binary]
[metric: binary_logloss]
[tree_learner: serial]
[device_type: cpu]
[data: ]
[valid: ]
[num_iterations: 100]
[learning_rate: 0.09]
[num_leaves: 31]
[num_threads: -1]
[deterministic: 0]
[force_col_wise: 0]
[force_row_wise: 0]
[histogram_pool_size: -1]
[max_depth: -5]
[min_data_in_leaf: 20]
[min_sum_hessian_in_leaf: 0.001]
[bagging_fraction: 1]
[pos_bagging_fraction: 1]
[neg_bagging_fraction: 1]
[bagging_freq: 0]
[bagging_seed: 3]
[feature_fraction: 1]
[feature_fraction_bynode: 1]
[feature_fraction_seed: 2]
[extra_trees: 0]
[extra_seed: 6]
[early_stopping_round: 20]
[first_metric_only: 0]
[max_delta_step: 0]
[lambda_l1: 0]
[lambda_l2: 0]
[linear_lambda: 0]
[min_gain_to_split: 0]
[drop_rate: 0.1]
[max_drop: 50]
[skip_drop: 0.5]
[xgboost_dart_mode: 0]
[uniform_drop: 0]
[drop_seed: 4]
[top_rate: 0.2]
[other_rate: 0.1]
[min_data_per_group: 100]
[max_cat_threshold: 32]
[cat_l2: 10]
[cat_smooth: 10]
[max_cat_to_onehot: 4]
[top_k: 20]
[monotone_constraints: ]
[monotone_constraints_method: basic]
[monotone_penalty: 0]
[feature_contri: ]
[forcedsplits_filename: ]
[refit_decay_rate: 0.9]
[cegb_tradeoff: 1]
[cegb_penalty_split: 0]
[cegb_penalty_feature_lazy: ]
[cegb_penalty_feature_coupled: ]
[path_smooth: 0]
[interaction_constraints: ]
[verbosity: -1]
[saved_feature_importance_type: 0]
[linear_tree: 0]
[max_bin: 255]
[max_bin_by_feature: ]
[min_data_in_bin: 3]
[bin_construct_sample_cnt: 200000]
[data_random_seed: 1]
[is_enable_sparse: 1]
[enable_bundle: 1]
[use_missing: 1]
[zero_as_missing: 0]
[feature_pre_filter: 1]
[pre_partition: 0]
[two_round: 0]
[header: 0]
[label_column: ]
[weight_column: ]
[group_column: ]
[ignore_column: ]
[categorical_feature: ]
[forcedbins_filename: ]
[precise_float_parser: 0]
[objective_seed: 5]
[num_class: 1]
[is_unbalance: 0]
[scale_pos_weight: 1]
[sigmoid: 1]
[boost_from_average: 1]
[reg_sqrt: 0]
[alpha: 0.9]
[fair_c: 1]
[poisson_max_delta_step: 0.7]
[tweedie_variance_power: 1.5]
[lambdarank_truncation_level: 30]
[lambdarank_norm: 1]
[label_gain: ]
[eval_at: ]
[multi_error_top_k: 1]
[auc_mu_weights: ]
[num_machines: 1]
[local_listen_port: 12400]
[time_out: 120]
[machine_list_filename: ]
[machines: ]
[gpu_platform_id: -1]
[gpu_device_id: -1]
[gpu_use_dp: 0]
[num_gpu: 1]

end of parameters

pandas_categorical:[]
